array([[ 40.75184476, -73.97596292],
       [ 40.38839687, -70.76293945],
       [ 40.7266595 , -73.99306831],
       [ 40.77896529, -73.95229203],
       [ 40.7621756 , -73.98578109],
       [ 40.69199528, -73.81057262],
       [ 40.80727267, -73.96334883],
       [ 40.72681164, -74.0049491 ],
       [ 40.70684739, -74.01133908],
       [ 40.77991848, -73.97938357],
       [ 40.71807733, -73.99141562],
       [ 40.7422301 , -73.99579797],
       [ 40.58298353, -73.90015411],
       [ 40.74161458, -73.98164028],
       [ 40.81557542, -73.94577886],
       [ 40.74588243, -73.84817292],
       [ 40.75804008, -73.96890632],
       [ 40.72739586, -73.98276722],
       [ 40.71743334, -74.00827496],
       [ 40.73237992, -74.00127921],
       [ 40.74758925, -73.98780176],
       [ 40.76277311, -73.99417948],
       [ 40.87045634, -73.92004831],
       [ 40.77029387, -73.98239467],
       [ 40.67338999, -73.95085675],
       [ 40.76488066, -73.97097891],
       [ 40.73761758, -73.99031957],
       [ 40.76958977, -73.95724932],
       [ 40.74860805, -74.00540562],
       [ 40.72222475, -73.99872653],
       [ 40.77869412, -73.96362282],
       [ 40.72155201, -73.98712624],
       [ 40.77788245, -73.81692644],
       [ 40.71739117, -73.96002916],
       [ 40.76105156, -73.97829735],
       [ 40.68219783, -73.98217404],
       [ 40.79655026, -73.93254622],
       [ 40.71179367, -73.99926788],
       [ 40.84581765, -73.94215776],
       [ 40.65274428, -73.78944025],
       [ 40.78960938, -73.97401942],
       [ 40.73963284, -74.00548778],
       [ 40.75404404, -73.99509502],
       [ 40.81659572, -73.90601695],
       [ 40.60457472, -73.95946239],
       [ 40.74818851, -73.91385979],
       [ 40.69225311, -74.0247318 ],
       [ 40.79678368, -73.95398229],
       [ 40.72976853, -73.98833372],
       [ 40.75589056, -73.98536334]])