786.0236890265381 0.7736362690780139
746.8761102788843 0.7805002018292247
843.6151402339001 0.7641360199639832
1167.339387014912 0.7204990323391854
1168.3036660797545 0.7203880934714934
1172.6757523343754 0.7198862375312626
1160.9001293819892 0.721242216920589
1049.6788876011037 0.7347734070685039
1033.7113416723284 0.736832915114196
514.7533572801691 0.8305090872905442
307.74031076437893 0.8996261176496135
308.89124146863253 0.8991245709516
145.79228003238072 1.0
269.5400133468364 0.9174336005710557
337.4093266455167 0.8872599092054347
190.3041146285774 0.9642020855279757
461.90919127522176 0.8450624816429294
244.97888621360318 0.930270632049911
340.11630803941677 0.8861862924316072
664.1766321926892 0.7962670526994378
696.7376393330874 0.7898366615682434
1054.0502678432908 0.7342150438236341
616.3293132393525 0.8063124170133377
330.42886740256444 0.8900686780384038
666.9120206535405 0.7957148480246815
679.0357874937729 0.7932943287770616
733.5828258397048 0.7829130780429646
759.6336176565046 0.7782246239277437
742.7848150698939 0.7812382112766992
752.5681465206952 0.7794801391560224
657.5784989152161 0.7976084614170874
704.8552172334953 0.7882803487878723
713.8872164090892 0.7865696496507558
729.2111717462453 0.7837161442528552
628.537813458827 0.8036770525899845
780.4400585304131 0.7745940928237983
671.996833970354 0.7946943468114409
676.1728817810982 0.7938619896467637
711.0520215758579 0.7871043058102533
721.1246115168515 0.7852144043116563
619.8021633413908 0.8055574813294311
723.9913664319146 0.7846813445867273
677.8015231529539 0.7935387663498153
496.13997481135834 0.8354573926799529
529.5126222911939 0.82671095611322
472.4945702359252 0.8420182489190381
459.77725389029996 0.8456840364899242
317.56136150119744 0.8954053492982684
847.3415266863419 0.7635438538453307
902.3976128257774 0.7550859478353695
576.24288070692 0.8153481588024042
757.6862680412718 0.778569493164697
407.13888737835026 0.8620200967790058
897.7799673238136 0.7557752245878321
1022.7060183138827 0.7382709953926494
997.0287114425595 0.7416873738577828
773.6347083920498 0.7757708010242038
287.92065548909585 0.9085703843751548
914.5592104145708 0.7532873256502525
339.156109127185 0.886566136157535
331.4305359758841 0.8896620043500562
949.7116624878364 0.748219921684913
1054.4566211596443 0.7341632573632634
1063.4915557477423 0.733016953500262
940.8005406904194 0.7494865335419675
773.6722450492414 0.7757642822407398
1365.6935666078089 0.6994138181119866
682.5293853377013 0.7926048468797539
1095.0484503040893 0.729088220287147
2641.238983324338 0.6107944432989738
2641.238983324338 0.6107944432989738
10176.146638074892 0.4295751419508325
24259.491508415966 0.31285171700371617
12254.243119269206 0.4046083040735045
1151.165359514964 0.7223736153263904
248970.39401430328 0.0
1058.0588821502977 0.733705048875814
481.924413799623 0.8393632338556307
397.7719516218504 0.8651473050791781
662.7886797504323 0.7965481150097771
663.906569589498 0.7963216947023669
757.7233398949553 0.7785629195884565
755.5666587112751 0.7789458779176669
904.8900892415518 0.7547153597282925
